timeseries	Rooftop_PV-0	Rooftop_PV-2020	Rooftop_PV-2020_PPA
202001	4.71176	0	0
202001	5.90151	0	0
202001	4.77509	0	0
202002	7.59672	0	0
202002	4.88941	0	0
202002	2.3196	0	0
202003	7.10826	0	0
202003	4.32841	0	0
202003	9.36384	0	0
202004	5.11822	0	0
202004	7.06726	0	0
202004	6.04151	0	0
202005	9.68305	0	0
202005	7.98742	0	0
202005	6.64283	0	0
202006	8.25176	0	0
202006	8.49619	0	0
202006	8.90761	0	0
202007	7.80869	0	0
202007	10.0219	0	0
202007	8.87384	0	0
202008	9.41403	0	0
202008	8.34332	0	0
202008	9.31734	0	0
202009	8.34307	0	0
202009	7.31756	0	0
202009	6.46758	0	0
202010	5.79553	0	0
202010	4.58944	0	0
202010	7.07196	0	0
202011	5.09969	0	0
202011	6.49847	0	0
202011	3.67881	0	0
202012	5.92651	0	0
202012	5.82573	0	0
202012	5.32046	0	0
202101	5.90151	0	0
202102	2.3196	0	0
202103	4.32841	0	0
202104	7.06726	0	0
202105	6.64283	0	0
202106	8.49619	0	0
202107	7.80869	0	0
202108	8.34332	0	0
202109	6.46758	0	0
202110	4.58944	0	0
202111	3.67881	0	0
202112	5.82573	0	0
202201	5.90151	0	0
202202	2.3196	0	0
202203	4.32841	0	0
202204	7.06726	0	0
202205	6.64283	0	0
202206	8.49619	0	0
202207	7.80869	0	0
202208	8.34332	0	0
202209	6.46758	0	0
202210	4.58944	0	0
202211	3.67881	0	0
202212	5.82573	0	0
202301	5.90151	0	0
202302	2.3196	0	0
202303	4.32841	0	0
202304	7.06726	0	0
202305	6.64283	0	0
202306	8.49619	0	0
202307	7.80869	0	0
202308	8.34332	0	0
202309	6.46758	0	0
202310	4.58944	0	0
202311	3.67881	0	0
202312	5.82573	0	0
202401	5.90151	0	0
202402	2.3196	0	0
202403	4.32841	0	0
202404	7.06726	0	0
202405	6.64283	0	0
202406	8.49619	0	0
202407	7.80869	0	0
202408	8.34332	0	0
202409	6.46758	0	0
202410	4.58944	0	0
202411	3.67881	0	0
202412	5.82573	0	0
202501	4.71176	0	0
202501	5.90151	0	0
202501	4.77509	0	0
202502	7.59672	0	0
202502	4.88941	0	0
202502	2.3196	0	0
202503	7.10826	0	0
202503	4.32841	0	0
202503	9.36384	0	0
202504	5.11822	0	0
202504	7.06726	0	0
202504	6.04151	0	0
202505	9.68305	0	0
202505	7.98742	0	0
202505	6.64283	0	0
202506	8.25176	0	0
202506	8.49619	0	0
202506	8.90761	0	0
202507	7.80869	0	0
202507	10.0219	0	0
202507	8.87384	0	0
202508	9.41403	0	0
202508	8.34332	0	0
202508	9.31734	0	0
202509	8.34307	0	0
202509	7.31756	0	0
202509	6.46758	0	0
202510	5.79553	0	0
202510	4.58944	0	0
202510	7.07196	0	0
202511	5.09969	0	0
202511	6.49847	0	0
202511	3.67881	0	0
202512	5.92651	0	0
202512	5.82573	0	0
202512	5.32046	0	0
202601	5.90151	0	0
202602	2.3196	0	0
202603	4.32841	0	0
202604	7.06726	0	0
202605	6.64283	0	0
202606	8.49619	0	0
202607	7.80869	0	0
202608	8.34332	0	0
202609	6.46758	0	0
202610	4.58944	0	0
202611	3.67881	0	0
202612	5.82573	0	0
202701	5.90151	0	0
202702	2.3196	0	0
202703	4.32841	0	0
202704	7.06726	0	0
202705	6.64283	0	0
202706	8.49619	0	0
202707	7.80869	0	0
202708	8.34332	0	0
202709	6.46758	0	0
202710	4.58944	0	0
202711	3.67881	0	0
202712	5.82573	0	0
202801	5.90151	0	0
202802	2.3196	0	0
202803	4.32841	0	0
202804	7.06726	0	0
202805	6.64283	0	0
202806	8.49619	0	0
202807	7.80869	0	0
202808	8.34332	0	0
202809	6.46758	0	0
202810	4.58944	0	0
202811	3.67881	0	0
202812	5.82573	0	0
202901	5.90151	0	0
202902	2.3196	0	0
202903	4.32841	0	0
202904	7.06726	0	0
202905	6.64283	0	0
202906	8.49619	0	0
202907	7.80869	0	0
202908	8.34332	0	0
202909	6.46758	0	0
202910	4.58944	0	0
202911	3.67881	0	0
202912	5.82573	0	0
203001	4.71176	0	0
203001	5.90151	0	0
203001	4.77509	0	0
203002	7.59672	0	0
203002	4.88941	0	0
203002	2.3196	0	0
203003	7.10826	0	0
203003	4.32841	0	0
203003	9.36384	0	0
203004	5.11822	0	0
203004	7.06726	0	0
203004	6.04151	0	0
203005	9.68305	0	0
203005	7.98742	0	0
203005	6.64283	0	0
203006	8.25176	0	0
203006	8.49619	0	0
203006	8.90761	0	0
203007	7.80869	0	0
203007	10.0219	0	0
203007	8.87384	0	0
203008	9.41403	0	0
203008	8.34332	0	0
203008	9.31734	0	0
203009	8.34307	0	0
203009	7.31756	0	0
203009	6.46758	0	0
203010	5.79553	0	0
203010	4.58944	0	0
203010	7.07196	0	0
203011	5.09969	0	0
203011	6.49847	0	0
203011	3.67881	0	0
203012	5.92651	0	0
203012	5.82573	0	0
203012	5.32046	0	0
203101	5.90151	0	0
203102	2.3196	0	0
203103	4.32841	0	0
203104	7.06726	0	0
203105	6.64283	0	0
203106	8.49619	0	0
203107	7.80869	0	0
203108	8.34332	0	0
203109	6.46758	0	0
203110	4.58944	0	0
203111	3.67881	0	0
203112	5.82573	0	0
203201	5.90151	0	0
203202	2.3196	0	0
203203	4.32841	0	0
203204	7.06726	0	0
203205	6.64283	0	0
203206	8.49619	0	0
203207	7.80869	0	0
203208	8.34332	0	0
203209	6.46758	0	0
203210	4.58944	0	0
203211	3.67881	0	0
203212	5.82573	0	0
203301	5.90151	0	0
203302	2.3196	0	0
203303	4.32841	0	0
203304	7.06726	0	0
203305	6.64283	0	0
203306	8.49619	0	0
203307	7.80869	0	0
203308	8.34332	0	0
203309	6.46758	0	0
203310	4.58944	0	0
203311	3.67881	0	0
203312	5.82573	0	0
203401	5.90151	0	0
203402	2.3196	0	0
203403	4.32841	0	0
203404	7.06726	0	0
203405	6.64283	0	0
203406	8.49619	0	0
203407	7.80869	0	0
203408	8.34332	0	0
203409	6.46758	0	0
203410	4.58944	0	0
203411	3.67881	0	0
203412	5.82573	0	0
203501	0	0	0
203501	0	0	0
203501	0	0	0
203502	0	0	0
203502	0	0	0
203502	0	0	0
203503	0	0	0
203503	0	0	0
203503	0	0	0
203504	0	0	0
203504	0	0	0
203504	0	0	0
203505	0	0	0
203505	0	0	0
203505	0	0	0
203506	0	0	0
203506	0	0	0
203506	0	0	0
203507	0	0	0
203507	0	0	0
203507	0	0	0
203508	0	0	0
203508	0	0	0
203508	0	0	0
203509	0	0	0
203509	0	0	0
203509	0	0	0
203510	0	0	0
203510	0	0	0
203510	0	0	0
203511	0	0	0
203511	0	0	0
203511	0	0	0
203512	0	0	0
203512	0	0	0
203512	0	0	0
203601	0	0	0
203602	0	0	0
203603	0	0	0
203604	0	0	0
203605	0	0	0
203606	0	0	0
203607	0	0	0
203608	0	0	0
203609	0	0	0
203610	0	0	0
203611	0	0	0
203612	0	0	0
203701	0	0	0
203702	0	0	0
203703	0	0	0
203704	0	0	0
203705	0	0	0
203706	0	0	0
203707	0	0	0
203708	0	0	0
203709	0	0	0
203710	0	0	0
203711	0	0	0
203712	0	0	0
203801	0	0	0
203802	0	0	0
203803	0	0	0
203804	0	0	0
203805	0	0	0
203806	0	0	0
203807	0	0	0
203808	0	0	0
203809	0	0	0
203810	0	0	0
203811	0	0	0
203812	0	0	0
203901	0	0	0
203902	0	0	0
203903	0	0	0
203904	0	0	0
203905	0	0	0
203906	0	0	0
203907	0	0	0
203908	0	0	0
203909	0	0	0
203910	0	0	0
203911	0	0	0
203912	0	0	0
